-0.81737103
-0.03582342
-1.5609324
-0.2960044
-0.6419651
-0.30092082
-1.5665626
-0.47781687
0.40942674
0.36388722
-1.5941416
-1.6917143
0.48037324
-0.022027652
-1.9609818
-0.2717999
-1.9628214
-1.0985839
-0.15602818
-1.4046224
0.12042383
-2.0005559
-0.43840163
-2.6041877
-0.039785329
-1.3135224
0.63332787
0.56430486
-0.94841468
0.24216016
-1.7423697
-0.12995321
-1.605159
-1.2656929
-0.69863673
-0.16930808
-0.53292708
-1.1315312
-0.57745975
-0.62592248
-0.73336114
0.49679351
-0.45481573
-1.3579346
0.0060538973
-1.4214197
-1.04013
-0.54026008
-1.2980703
-2.2327481
-0.71290603
0.2963364
-0.45164522
-1.7053296
-0.54389009
-1.2566904
-1.5450456
-1.6410551
-0.17334625
-1.2983603
-1.3400628
-0.40838111
0.35784156
1.0770289
-0.35839531
-0.5638266
-0.042808992
-0.85816614
-0.85005375
-0.21055258
-0.91204667
-1.0675164
-0.064183163
0.62982965
-0.23336333
1.0073758
-0.6088198
-0.49282812
0.59847536
0.078210706
-2.2118499
-1.7723908
-0.6088597
-0.73369642
-1.4500695
-1.0655787
-0.7781088
-0.71172179
-2.2323666
-1.9279366
-1.0209652
-1.5862688
-0.92954635
-0.62825478
-3.3063346
-1.674681
-1.7001846
0.15555971
-0.50371028
0.027364508
1.5167516
0.0080056464
2.6233854
1.2165674
-0.014404938
1.225073
0.85878302
0.57703131
0.40427803
-0.92350126
1.4996594
-0.5183224
0.92207591
1.1488465
0.016422759
1.1548052
1.6313746
0.32953093
0.37064145
0.37438296
0.81488273
0.89313475
2.1720431
1.1807941
1.4430885
1.6700124
0.68540871
1.9947039
1.7771649
2.3119812
2.4264368
1.0975343
-1.8674425
2.0611767
-0.51332288
2.5870941
3.0239864
-0.39766877
0.59088822
1.2204308
1.8086159
0.96502476
-0.38929915
1.2799762
0.44838586
0.58834504
2.5552273
-0.93634212
0.73829763
0.66124991
0.18143902
1.5891025
-0.69458335
0.54714798
-0.11235001
1.9896496
0.30329856
1.2496171
0.59024566
-0.13476013
0.64242579
0.39713515
-0.29043808
-0.4288338
0.53302799
0.77722224
0.50880851
1.6099882
0.67244884
0.30577053
-0.24371916
0.98734177
-0.35561796
0.97744231
0.50895381
2.1117507
-0.4645278
0.27889188
0.65958438
0.30883421
-0.15752697
0.97207418
0.10027463
0.17368136
0.040648502
1.3707188
0.99979443
-0.15813912
2.4732065
0.68860589
-0.22554562
1.2741008
1.4014422
-0.062588341
-0.40557514
1.6526214
0.45693078
0.87899047
0.81200295
1.0061822
