-0.37698432
0.51434907
-0.3191178
-0.70761613
-0.55687967
0.96300185
0.42281731
-3.6795517
0.33214812
-1.3841792
-0.5255432
-0.29265097
-1.0859282
-0.59641754
-0.35667334
0.82251981
-0.9291145
-0.96369633
-0.31921325
-2.0170085
-2.0095422
0.713102
-1.5808116
-0.17432816
-1.3063841
-1.8001927
1.1003776
-0.66291067
-0.00046134435
-1.5389872
-1.153142
0.22771081
-1.4730259
-0.49895971
-0.9420584
0.24439865
-1.2636436
-0.44175515
0.15010301
-0.75189028
-0.67932666
-0.81606055
-2.3404671
-0.68689211
-2.5324009
0.18997912
0.71932947
-0.44114444
-1.163041
-2.0515052
-0.35210207
0.27469362
-0.055842567
-0.84915173
-0.17091273
-0.58694326
-1.600767
-0.34305613
-1.1049194
-0.28777764
-0.36424997
0.2632651
0.8449742
-1.2018084
-1.7016172
-0.48043694
-0.53858033
0.60852712
-0.13815035
-1.1230759
0.79769671
-1.2410611
-1.6471573
-0.37476544
-1.2413058
-0.57379898
-0.37689114
-0.34495575
-1.4128206
-0.085463909
0.60743555
-0.031184079
-2.0574598
-2.0199752
0.97542537
0.40498708
-0.71879094
0.023154608
0.26444516
0.46261482
-0.46430564
-0.34001134
-1.8336443
-1.8634422
-2.1445946
-0.073910453
-0.74459808
-1.7762974
-1.5736732
-0.51915815
0.73498943
0.70168507
2.4652965
2.716365
0.79303173
0.677777
-0.10001645
-0.81021405
1.0034095
1.1470083
0.80993021
-0.5788806
2.337732
1.7151977
0.31315127
-0.11325386
-0.87438886
1.4194362
1.0275899
0.62059696
0.782401
0.50499582
0.72806983
0.38392488
0.48559699
-0.28355782
1.3143745
-0.31153518
0.1373552
1.2722817
0.78118255
-0.69884471
-0.1585139
0.58706868
0.44187208
0.2177925
2.4047427
3.0322741
-0.15581918
0.82571181
-0.043376566
-0.39842216
-1.1957522
0.72372671
0.10329529
1.0828473
0.5602315
-0.23739765
-0.19901843
0.025926621
0.42983746
0.62355806
0.23676544
0.6897507
1.6590805
0.48721372
-0.0084777871
0.53631349
0.12551359
1.1145065
1.0208161
-0.094757867
1.7553762
0.66706925
0.44649009
1.3910818
-0.32148845
0.30879382
1.4534946
1.4400975
1.7267485
-0.16741367
1.8149136
0.75520532
-1.3309448
1.6850626
0.3474413
0.34185648
0.5683812
2.3907299
1.4431716
0.74464722
-0.2715153
0.13024981
1.5240151
0.75738926
-0.84192003
1.4928638
2.2104634
0.71262884
-1.000668
-0.43878375
1.4549309
-0.85089277
0.59446484
0.81068533
0.50292429
0.59181166
1.5666924
1.0951677
