0.19747813
-0.54000632
-0.57658315
-0.0002256362
-0.48551371
-0.068593585
-0.058513348
-0.62447278
0.11384349
-0.27312165
-0.14533135
-1.0298435
-1.2376487
-0.31857717
-0.25063394
-0.43221119
-1.5011528
-0.7358518
-1.0725465
-0.27181472
0.0092381417
-0.65168118
0.17188163
-1.0121245
-0.31274268
-0.42558632
-0.00022881036
-0.53951089
-1.2823256
-0.2707975
-0.24273087
0.010173469
-1.0001969
-0.89246394
-0.66331571
-1.1440628
-1.2116619
-0.052798444
-0.23206279
0.46249785
-0.62028841
0.57465329
-1.2269257
-0.25527944
-0.47818418
0.0090811219
-0.54002692
-0.36295125
-0.56588504
-1.2288824
-0.88066483
-0.0080584081
-0.46194822
-1.0166063
-0.84538382
-0.40865969
-0.72297852
-1.1775313
-0.52830939
-1.1424285
-0.098486664
-0.22662297
-0.23289199
0.42462594
-1.4281248
-1.3607695
-0.77951187
-0.55594959
-0.57922695
0.1439725
-0.47937388
-0.73007406
0.47493203
-1.093715
-0.055962732
0.47653374
-0.013455531
0.1093968
-0.22308492
-0.81187465
-0.89517225
-0.31503072
-1.3617871
-0.7062613
0.132668
-1.3501804
-0.036863337
-1.5178606
-0.057511747
-0.39908966
-0.51385713
-0.36263024
-0.99477168
-0.71408751
-1.3422212
-2.5625412
-0.080685543
-0.33177923
-0.49869473
0.1935469
1.0085839
0.29154792
1.3826597
0.32950047
-0.34886827
0.31989613
-3.8961109e-05
0.77949687
1.3892273
-0.20201161
1.1039129
0.39281193
0.73980754
0.56865661
-0.35724618
0.053744097
1.189563
0.96289596
0.29509761
-0.20905804
-0.0044452639
0.36948262
1.1960164
0.69369268
0.44396948
0.48393355
0.14529925
0.88501233
0.87976538
0.44822764
0.78789835
0.92657186
-0.64664724
1.1409759
0.5306879
0.52539384
1.2177516
-0.27957017
0.75631515
0.4616549
0.26101421
0.27122196
0.48566468
0.31179632
0.50224693
0.66922281
1.6455959
-0.22350467
0.62513307
0.41144461
0.68607476
0.31903535
-0.41142537
0.35760823
0.078835574
-0.058229737
0.65856365
0.32984801
0.24961274
0.49783383
0.53689982
-0.14910859
0.72501197
-0.86602476
-0.50954817
-0.0019847948
0.31010206
0.37514076
0.9164597
0.039687702
0.44581365
0.39040184
0.60501728
1.3712148
0.82449403
0.74530804
0.44058145
0.24009227
0.22744469
1.1390003
0.84714841
0.33769087
1.2539426
0.44132671
0.3426454
0.96629686
0.99074662
-0.10047386
0.67205918
0.27423507
0.12987437
0.094624603
-0.73787391
0.60028621
0.26248747
1.4481648
0.4956443
1.0231384
1.2566687
0.87357051
