-0.4273765
-0.27448584
-0.38566492
-0.26720662
0.41219269
-0.74997343
-0.25476171
-2.3771534
0.34258716
-0.35774109
-0.014802343
-0.68435343
-0.73926877
-0.70449186
-0.25444388
-1.0027136
-0.5260341
-0.46130408
0.162092
-0.72627816
-0.57952996
-0.40423157
-0.7007784
-0.36660256
-0.57223347
-0.41463314
-0.15374635
-0.87944354
-0.75811693
-1.1612232
0.042361581
-0.1538571
-1.013336
-0.30672473
-0.7859656
-0.13536677
-0.90737764
0.13416604
0.033686524
-0.98567179
-0.42820513
0.19409481
-0.74501501
-0.73866772
-0.69466944
0.78065888
-0.48730012
-1.0078326
-1.2381905
0.31602493
-0.52646872
0.9224933
0.82906045
-0.5724984
-0.76472382
-0.61224584
-0.2139491
-0.34639825
-0.87621091
-0.48274377
-0.76106073
-0.62388254
-0.05574375
-1.054247
-0.14118669
-0.062544433
-0.5490002
-0.046526358
-0.47548682
-0.41377329
-0.1186267
-1.1115773
-0.82108059
-0.16853141
-1.1465007
-0.6092871
-0.32698179
-0.6987067
-0.12100021
-0.34029526
-0.72474843
-0.36365059
-0.58461178
-0.67785518
-0.21551874
-0.45553894
-0.66168738
0.022938666
-0.09760964
-1.012495
-0.52206264
0.57815023
-1.1023759
-0.60460245
-1.3102919
-0.62319885
-0.38365805
-0.94406101
-0.69306036
0.52047228
0.68694612
0.76110635
0.72142084
0.87260828
0.55939054
0.48872349
0.65748448
-0.053125048
0.75090831
1.2703391
0.44104331
-0.25597342
1.1191544
0.61645355
0.21051464
0.2047168
-0.83430172
-0.021277861
0.48650914
1.0736776
0.28096353
-0.20180709
0.73174563
0.50706526
0.65034426
-0.22187441
0.20137865
-0.28857729
0.1600147
0.22679002
0.85615717
-0.055904897
0.11546399
0.66941504
1.0644651
0.17667789
1.3277013
1.5226674
0.29514846
0.0085619761
0.25407988
-0.37349933
-0.58003383
0.40730712
0.13438163
0.63071085
0.78727626
0.22689164
0.68777541
0.60028457
0.73735863
0.55178227
-0.56180368
0.49578069
1.5083178
0.11393336
-0.18795711
0.14199999
0.41877553
0.7758029
0.51526444
-0.073756589
1.1811646
0.34904769
0.2071893
0.74135383
0.59668154
-0.35691157
1.4033135
0.49074885
0.93459436
-0.33662026
1.5341353
0.22815807
0.46671448
0.71730813
-0.51751128
-0.18337571
1.0676789
0.84274436
0.47215401
-0.26122402
0.085532846
0.88538294
0.50172344
-0.024841661
-0.3161661
1.1997234
0.9077225
0.49525045
0.33847634
0.0074754012
0.57442039
0.20239207
0.9036789
0.6853836
0.81561441
1.5177669
0.23545186
0.47932986
