-1.0425139
-0.44050629
-1.014925
-0.046686773
-0.066323328
-0.084999655
-0.56618242
-2.4653073
0.51427586
-1.2073059
-0.52102727
-0.78333803
-0.82662857
-0.95553044
-0.4687615
0.56627374
-0.92954131
-0.50903719
-0.29358472
-1.1726517
-1.2935585
-0.2749782
-0.19103208
-0.80041911
-0.47903828
-1.1333286
1.1691072
-1.3126592
-1.0809098
-1.1828588
-0.43418131
-0.29019682
-1.3581453
-0.59097642
-1.2376125
0.47746689
-0.80821712
-0.93582439
0.58386326
-0.36180523
-0.61056045
-0.1390548
-1.7482058
-0.80720925
-0.9672531
0.92119541
-0.13502327
-0.72641504
-1.2413635
-0.18819286
-0.7789047
1.0981455
-0.093654483
-0.14670843
-0.47643559
-1.5249866
-0.48502481
-0.45563072
-1.6700098
-0.32841122
-0.25783882
-0.25990744
0.35697742
-1.112136
-0.78634469
-0.059142073
-0.08193735
-0.29628536
0.10075505
-0.61303313
-0.36030391
-1.0853025
-0.75402302
-0.75954409
-0.92414432
-0.06011959
-0.57607634
-0.73913928
-0.68898472
-0.51237515
0.40675639
0.077966408
-1.0008189
-1.8484429
0.19049751
-1.1127512
-1.2167689
-0.95291579
-0.26699968
-0.45343545
-0.74566632
-0.24230901
-0.87397156
-1.3785274
-1.3477449
-0.55255355
-0.59215772
-1.0161744
-1.1823745
0.34767174
1.3947676
0.1555757
0.9643136
2.1236884
0.89939837
0.79421629
0.35492223
0.12235375
0.91665003
1.3081049
1.0108719
-0.47918293
0.86439102
0.76222922
0.074060512
0.20126456
-0.090364676
1.1560479
0.78319912
0.49416692
0.61650661
0.76313092
1.6523265
0.50842731
1.0435562
-0.22424953
1.1681246
-0.15589091
-0.086683258
1.0474248
0.91585168
0.0035145492
-0.16347247
1.3212841
0.559645
0.58897947
1.0416395
2.5637888
0.31207964
-0.27168105
-0.065047334
-0.14515952
-0.52941313
0.67643262
0.27485689
1.0049194
1.1629942
0.50802498
0.55883831
0.37553322
0.50546427
0.056614689
0.4867078
0.95807439
0.56901815
-0.31029526
0.6107613
0.14017072
-0.0077532387
0.73994002
0.88024192
0.036298784
2.4862947
1.3865318
0.43165577
0.47753012
1.1084972
0.57985777
1.0793771
1.2669025
1.2972478
-0.33515471
0.77662344
-0.075269322
0.094454518
0.67913189
-0.74631062
0.2994887
-0.22036034
1.2321137
0.99028546
0.28231167
-0.25317015
-0.086445913
0.4711386
0.63769893
-0.77126519
1.3589476
1.3910336
1.1036975
0.036153987
-0.54489219
1.0424078
0.13008971
0.30200555
0.78988977
0.43098128
0.73324489
0.84882229
0.3334845
