-0.26220086
-0.65963639
-1.3308285
-0.16173042
-0.078231031
0.11660706
-0.91358133
-1.2848261
-0.048965742
-0.54107924
-0.9601604
-1.1462505
-1.0802297
-0.31258716
-1.5661512
-0.98035661
-1.4562413
-0.54557849
-0.714395
-0.54652349
0.22977267
-1.4884997
-0.079323895
-1.7202278
-0.15776523
-0.82135881
0.7093874
-0.15081936
-1.6560752
-0.29958973
-0.83773031
-0.090819089
-1.7396785
-1.1602309
-1.4547478
-1.1616825
-1.0909118
-1.3320428
-0.3291229
-1.0940725
-0.47468476
0.95114548
-0.75204931
-0.49570158
-0.76975412
-1.197994
-1.0098878
-0.58987865
-1.562468
-1.6949009
-1.2726233
-0.03951852
-0.73563089
-1.4869934
-0.40656575
-0.86119032
-1.1415929
-1.0207128
-0.66099581
-1.0899948
-0.58990951
-0.32157504
-0.37225772
-0.55845692
-0.850292
-1.0924058
-0.62608629
0.23573842
-1.1525266
-0.031086719
-0.69060013
-0.61646836
0.83461802
-0.9027169
-0.46011194
-0.05883529
-0.13466024
-0.67684181
-0.67855903
-1.2538447
-2.0711765
-0.57375375
-1.0527324
-0.21597737
-0.69635304
-0.95844715
-0.16165272
-1.733588
-1.5920303
-0.98255798
-0.63457074
-0.34563706
-1.0175405
-0.70718533
-1.6144448
-2.5850277
-0.6008297
-0.49695615
-0.83897233
-0.44887138
1.05588
0.58332207
1.4387276
1.2347246
0.28564737
1.1547858
0.93803452
1.123423
0.59222458
-0.18269367
1.2423362
-0.50076527
0.75050101
1.1530622
-0.14897608
-0.35673475
1.7309706
0.0016794507
0.32650675
0.81930125
0.89761882
0.55077995
1.8096356
1.5876131
0.68296017
0.15558885
0.62645341
1.6258393
0.74635996
1.5660663
1.2906157
1.1482193
-1.0199683
1.6545503
0.81725998
1.2218066
1.2628123
-0.03908881
0.77913652
0.68266275
-0.068168869
1.1167163
0.54705967
0.8235383
0.057387227
1.3940664
2.1530037
0.22104591
1.1824032
0.13766344
0.43551618
0.44050484
0.14309467
1.4342978
-0.1011463
0.29499933
0.31213383
0.74428956
1.1098198
0.5370351
-0.26742135
1.0039174
0.47785659
-0.42632734
-0.25754384
0.14137171
1.0241962
0.68943518
1.1427701
0.32798661
-0.2942265
0.36303643
0.21042877
0.48470813
0.57616675
1.3827609
0.72939895
0.67842264
0.61610915
0.81553604
0.72448978
0.9787332
0.52074107
0.82410342
0.23608658
1.1147603
0.33878225
-0.079820994
1.1028452
0.62044073
0.18405823
0.30699234
0.55660497
0.14050287
-0.19105428
1.6202823
0.79132387
1.4165506
0.85343384
0.76614715
