-1.0979581
-0.45963759
-1.0954401
0.14293081
-0.033686945
-0.08649388
-0.63137639
-2.4132729
0.53475524
-1.2459014
-0.5355788
-0.85912416
-0.83501372
-1.0234449
-0.44967657
0.55672057
-0.99301006
-0.4750098
-0.34735209
-1.2501523
-1.2602741
-0.30367496
-0.20879416
-0.9160934
-0.4485581
-1.1720882
1.1781129
-1.3718848
-1.0685873
-1.197779
-0.40971406
-0.25020945
-1.4791495
-0.6356444
-1.2850083
0.45951218
-0.82185453
-0.94106265
0.66741237
-0.37080963
-0.54209545
-0.1924776
-1.6738978
-0.85568082
-0.87041792
0.96307673
-0.091549343
-0.68619356
-1.324167
-0.25606629
-0.86067752
1.094918
-0.051226692
-0.12785486
-0.43933374
-1.621528
-0.57367502
-0.46245883
-1.7567623
-0.36064875
-0.2741759
-0.25737196
0.28382251
-1.1246472
-0.82249617
-0.078544327
-0.072167683
-0.37226241
0.056799522
-0.71865298
-0.39703771
-1.1127713
-0.78152164
-0.78118563
-0.97121218
-0.076483683
-0.60851448
-0.84539295
-0.68429876
-0.49439412
0.39443203
0.083076102
-1.0383375
-1.9081056
0.15943961
-1.1045261
-1.2139472
-1.0723986
-0.15502592
-0.5173416
-0.75881676
-0.25393967
-0.8248111
-1.4366402
-1.4305734
-0.56359621
-0.60009497
-1.0412033
-1.202614
0.30793092
1.479743
0.15370453
1.0794906
2.146323
0.93863708
0.83931335
0.27890612
0.16951216
0.90376938
1.3056532
1.0024523
-0.44114583
0.77718169
0.78282578
0.096895549
0.15640844
-0.10710588
1.2879589
0.82070803
0.53671782
0.60774169
0.81765893
1.7197529
0.60434175
1.0426366
-0.16185024
1.1653206
-0.087371997
-0.12090167
1.0424471
0.99259065
0.035310486
-0.15835132
1.385959
0.62381835
0.71630998
1.0188867
2.6582463
0.31793781
-0.29995257
-0.044213531
-0.16665561
-0.50372327
0.73344669
0.28023218
1.0795554
1.1989885
0.50689814
0.57679252
0.33984092
0.51438884
0.081083873
0.59419688
0.94901134
0.51134016
-0.33884342
0.65897092
0.20593032
0.019787055
0.79687257
0.92661011
0.039332676
2.6018249
1.3595469
0.46681826
0.44497517
1.1463081
0.55674276
1.1107779
1.2757655
1.4029231
-0.43139943
0.84541145
-0.088929617
0.093228128
0.59942611
-0.79650131
0.34046934
-0.29996689
1.2717194
1.0272964
0.319919
-0.25084359
-0.057080666
0.4820715
0.632103
-0.86760358
1.3461858
1.444425
1.1711403
0.004397133
-0.60123996
1.0678253
0.14537846
0.36403189
0.83834778
0.4076086
0.67955481
0.90953395
0.34010846
