-0.74592104
-0.29652363
-0.83507419
0.091771828
-0.081047738
-0.03836714
-0.41120177
-2.3588199
0.46730112
-0.88342371
-0.61167972
-0.41834267
-0.88438901
-0.80420397
-0.58727629
0.3808446
-0.78756238
-0.58231702
-0.70360834
-0.93315213
-1.3761419
-0.22608978
-0.57766264
-0.73198611
-0.48785597
-0.96461542
0.67261417
-0.96776325
-0.99971689
-1.1595758
-0.31850578
-0.088563568
-1.4715654
-0.55375502
-1.366331
0.42836352
-0.74064819
-0.97296324
0.65342437
-0.49383579
-0.26910246
-0.2553478
-1.7250994
-0.71417697
-0.87590097
0.80869845
-0.025527559
-0.63438894
-1.436717
-0.25638186
-0.57084507
0.94832139
0.22689084
-0.17754731
-0.3280388
-1.4697037
-0.60979587
-0.17756488
-1.4089012
-0.47980647
-0.25642808
-0.43913376
0.042114844
-1.1743263
-0.71300458
0.24206549
0.13648909
-0.68855311
0.12081155
-0.9586751
-0.47960373
-0.97482175
-0.83096008
-0.74066748
-1.1768309
-0.096888151
-0.24942038
-0.51375569
-0.66704687
-0.41472735
0.055687735
0.0041720702
-0.84817644
-1.4412224
0.12518926
-0.75305386
-1.3231599
-0.73275673
-0.221462
-0.17366078
-0.5846316
0.20852593
-1.1420386
-1.41984
-1.0487315
-0.54772461
-0.59260202
-0.90228349
-0.58378638
0.3354932
1.226396
-0.02216062
0.89413988
1.9557417
0.4046608
0.68175155
0.061697504
-0.11619703
0.85300262
1.2617044
0.73519394
-0.40477938
1.1557973
0.76384638
0.055265489
0.39605084
-0.21794374
0.80238993
0.83365705
0.48114614
0.67293075
0.66467429
1.2696229
0.4326579
0.59514589
-0.23306686
1.0130457
0.27493023
-0.019378439
0.83480597
0.88484003
0.20977539
0.12723425
1.0863491
0.55289724
0.72797548
0.94552295
2.7226247
0.62368227
-0.070452677
-0.088344617
-0.16727985
-0.62585578
0.40741263
0.24647343
0.55494377
1.0782034
0.43079169
0.77082589
0.20939024
0.43095297
0.22536707
0.52604794
0.85158928
0.52454541
-0.11155433
0.44232415
0.37626107
-0.11763596
0.95735708
1.1571268
0.12579309
2.5798006
1.0971146
0.49726781
0.62766915
0.95158685
0.099170431
1.1149048
1.1708322
1.1547002
-0.53458422
0.84374457
-0.11924601
0.058740123
0.85575902
-0.43298349
0.25357143
-0.11878868
1.1163174
1.1863803
0.30005661
-0.50409284
0.1751479
0.46268865
0.76006668
-0.79108446
0.97727007
1.4619278
1.1924866
0.26297676
-0.58164468
0.98596449
0.21898182
0.38969529
0.60601028
0.67412099
0.76504589
0.82639874
0.080930345
