-0.29570227
-0.51076219
-1.3326799
-0.11625833
-0.091456785
0.052549314
-0.90842384
-1.151668
-0.04824244
-0.41132204
-1.0464185
-1.1161257
-0.92018547
-0.22501323
-1.3880928
-0.98588407
-1.3861548
-0.55366071
-0.6148524
-0.5586868
0.11447306
-1.3074792
-0.05542855
-1.642978
-0.17010141
-0.68266748
0.52889385
-0.054717596
-1.496427
-0.2767271
-0.83155484
-0.088979379
-1.6396219
-0.94856288
-1.3502898
-1.0660583
-1.0261511
-1.1554458
-0.32003207
-0.95022738
-0.4832745
0.8258955
-0.65318748
-0.46642098
-0.70385984
-0.98212077
-0.96271342
-0.50629923
-1.4962581
-1.5577632
-1.1670998
-0.14441671
-0.61843909
-1.3723628
-0.4203916
-0.68244478
-0.9883093
-0.95617699
-0.67514184
-1.0859759
-0.51049729
-0.27883398
-0.48170547
-0.65809056
-0.73453812
-0.98282174
-0.63243083
0.12365471
-1.099384
-0.04609682
-0.74035465
-0.61377088
0.80159626
-0.96099601
-0.39630062
-0.15335307
-0.21097768
-0.71150745
-0.61220407
-1.1554448
-1.992547
-0.58511108
-0.98175397
-0.35215444
-0.78380166
-0.84065684
-0.13128455
-1.6550428
-1.3835601
-0.95551988
-0.59626909
-0.37221923
-0.96317079
-0.64628008
-1.3744265
-2.3219906
-0.63350893
-0.47274667
-0.73543591
-0.35963732
0.94224935
0.47379857
1.4406978
0.92764249
0.32298455
1.0076184
0.85442115
0.93750489
0.50750928
-0.15471897
1.1193356
-0.26923457
0.74979508
1.2306728
-0.21700109
-0.4529339
1.6259953
0.11650544
0.3485846
0.82196525
0.72316247
0.52017618
1.507703
1.4335685
0.76941207
0.23207202
0.56725144
1.6286252
0.64553408
1.5016422
1.1887918
0.98441793
-0.94625109
1.536152
0.69323523
1.2503142
1.180062
-0.10132032
0.67030196
0.62744463
-0.049102963
1.2306269
0.53927808
0.70996599
0.13698267
1.2738278
2.1472623
0.086045215
1.0634844
0.090050535
0.30049843
0.4068052
0.1028332
1.2213173
-0.08608215
0.26477299
0.1963263
0.70444863
1.0019056
0.45722124
-0.29573565
0.98451661
0.54895018
-0.32060329
-0.071299732
0.11375978
0.89146579
0.54438473
1.1399908
0.27646031
-0.20984945
0.30326855
0.25563332
0.60881514
0.56405454
1.2022103
0.64300441
0.56079867
0.41422994
0.92765489
0.68689949
0.92714214
0.51958154
0.76201985
0.20488732
1.0575782
0.39787207
-0.085511293
1.204973
0.52890443
0.27523371
0.33287899
0.51580759
0.21391997
-0.1930299
1.3760801
0.76559487
1.485576
0.64244433
0.74197961
