-0.72797986
-0.31772835
-0.82358713
0.055819753
-0.069257586
-0.038834634
-0.43951414
-2.3243789
0.47155193
-0.86693081
-0.61219773
-0.41327083
-0.87451687
-0.77951816
-0.58505781
0.36160747
-0.74819443
-0.59226315
-0.72886899
-0.9088823
-1.3359523
-0.20113349
-0.58172418
-0.7362971
-0.48134409
-0.93424678
0.67312398
-0.93796985
-0.99235392
-1.1338601
-0.3346266
-0.12457989
-1.4377347
-0.53671249
-1.3084735
0.43784466
-0.74008283
-0.99040698
0.60743927
-0.51140094
-0.26684628
-0.2548981
-1.7186198
-0.69694931
-0.8856722
0.79405764
-0.050086345
-0.62316166
-1.4063106
-0.21353641
-0.58805301
0.91807063
0.17682781
-0.1855194
-0.30757408
-1.4253006
-0.59046711
-0.18861612
-1.4113665
-0.45569477
-0.2321768
-0.44582794
0.041024569
-1.1469275
-0.68082655
0.16989383
0.084823039
-0.66261116
0.10175601
-0.94794561
-0.47380601
-0.93825458
-0.83397562
-0.74514223
-1.1391465
-0.096048564
-0.26793795
-0.50279291
-0.68464274
-0.40663598
0.032066332
-0.010264947
-0.82159489
-1.4199712
0.085574097
-0.71872995
-1.3157675
-0.73136749
-0.2012518
-0.16444771
-0.57507388
0.21015137
-1.1235553
-1.3418066
-0.9992782
-0.54887581
-0.57518242
-0.89563663
-0.57177869
0.29784224
1.2106369
-0.060864189
0.88977572
1.9156871
0.40342435
0.67864984
0.042932078
-0.075149665
0.79843293
1.2503373
0.74716048
-0.39210208
1.1117098
0.67642988
0.036327631
0.37939679
-0.20120845
0.7910546
0.78960865
0.40412296
0.62577972
0.66900634
1.225416
0.40889536
0.5767335
-0.21833879
1.0065297
0.27273276
0.024948385
0.79904254
0.83271223
0.20075141
0.11801366
1.0300631
0.49546262
0.68547941
1.0129843
2.6394405
0.60203671
-0.044681902
-0.065604993
-0.19502355
-0.62241917
0.40757136
0.22878889
0.52192753
1.0483969
0.38442823
0.78034511
0.21710169
0.4099512
0.23445899
0.50703927
0.82713941
0.48829215
-0.10092753
0.41172644
0.3238348
-0.14067792
0.90645759
1.0537722
0.092340312
2.4775699
1.0779709
0.5207318
0.58556027
0.94779918
0.096209027
1.0968875
1.1782154
1.1105888
-0.52782108
0.85871707
-0.12306439
0.023717857
0.82853096
-0.43366113
0.25899547
-0.12368768
1.0686014
1.1422258
0.28119384
-0.49703701
0.13030635
0.44884491
0.72366469
-0.7560531
0.9830071
1.4040539
1.1163989
0.26001682
-0.61817947
1.0141859
0.18429757
0.38303724
0.62296247
0.65489335
0.73294033
0.80375385
0.10845894
