-0.97928264
-0.46557363
-0.95737599
-0.16784522
-0.10374509
-0.082170954
-0.48680738
-2.1890175
0.5011613
-1.0431377
-0.53737739
-0.69442175
-0.87311895
-0.84132945
-0.5180579
0.43926543
-0.85025023
-0.56321326
-0.38506945
-1.0808823
-1.1798491
-0.15153434
-0.20484328
-0.73057729
-0.39907675
-1.0016352
0.95596427
-1.1571166
-1.0032906
-1.0181613
-0.40344824
-0.26429769
-1.1581036
-0.55612784
-1.2457885
0.29726107
-0.80036821
-0.86724956
0.46536172
-0.41933843
-0.52546706
-0.1660055
-1.7005894
-0.68483623
-0.89193184
0.81582309
-0.17212611
-0.7481338
-1.0628026
-0.23394593
-0.68711514
0.94003296
-0.10634771
-0.19688283
-0.40635567
-1.4175066
-0.49045668
-0.40868143
-1.5214226
-0.28398648
-0.28683553
-0.3319265
0.25578505
-1.1072489
-0.65808373
-0.14000973
-0.16855874
-0.33647903
0.18717782
-0.55817421
-0.46824308
-0.85996532
-0.7817209
-0.65288415
-0.87637939
-0.02419056
-0.52114227
-0.58728416
-0.75579579
-0.48180769
0.35391144
-0.017586386
-0.9323144
-1.6931063
0.041285639
-0.95480672
-1.0745933
-0.82578596
-0.26385835
-0.44018937
-0.65401982
-0.0557409
-0.86158036
-1.3141338
-1.0771479
-0.58869076
-0.5926929
-0.98336514
-1.0944631
0.29523307
1.2718117
0.056732631
0.98336556
2.1420086
0.83827863
0.67277998
0.19927427
0.093400846
0.76979298
1.1575644
1.0074852
-0.46276866
0.71646388
0.72422194
0.038554607
0.15623826
-0.1116449
0.96561871
0.58788338
0.26557857
0.64876636
0.72885968
1.4704566
0.51775061
0.92100817
-0.12814355
1.0548003
-0.063545227
0.0088041736
0.84874631
0.77862643
0.037561393
-0.13900553
1.0481925
0.47398477
0.49163324
1.0650864
2.4106428
0.38297619
-0.04527539
-0.00043009367
-0.17432538
-0.5257147
0.62594386
0.24787342
1.0019483
1.080437
0.46179488
0.58380957
0.35920016
0.34263109
0.18510815
0.42495821
0.8576009
0.41922843
-0.29992952
0.28629883
0.07577982
-0.12573393
0.76089721
0.74177212
0.035002416
2.2558438
1.2486175
0.47048671
0.39374794
1.1139535
0.47592076
1.086298
1.0148181
1.1071332
-0.34113754
0.69419306
-0.093527644
0.016514127
0.6193618
-0.68955977
0.32934766
-0.16320768
0.95966875
1.0012111
0.2728722
-0.37399929
0.016229017
0.39362188
0.6165044
-0.67238975
1.1254528
1.1918938
1.0362184
0.067897591
-0.57283073
1.0238895
0.077844067
0.24962394
0.61453446
0.54923068
0.66963779
0.81635517
0.2771289
