-0.20696219
-0.68564912
-1.3467139
-0.1587392
-0.076801502
0.17888973
-0.87852026
-1.2795031
-0.11662439
-0.58727481
-0.98751415
-1.150397
-1.0255667
-0.2979827
-1.5831081
-1.0503502
-1.5036485
-0.5991017
-0.68594761
-0.55176348
0.25491342
-1.4497405
-0.085293228
-1.8671613
-0.11245573
-0.92410582
0.77757719
-0.12345586
-1.7510745
-0.32278634
-0.90598899
-0.090640605
-1.7486046
-1.102622
-1.4921229
-1.1033001
-1.1391717
-1.4014849
-0.33421159
-1.077344
-0.46028402
0.92129543
-0.71155861
-0.52501938
-0.85559387
-1.2298779
-1.0926182
-0.65617209
-1.5685673
-1.7642837
-1.4175546
0.049615554
-0.7793672
-1.4981706
-0.38446251
-0.87993243
-1.0610626
-1.122488
-0.73378992
-1.1729216
-0.57615054
-0.30804852
-0.49484495
-0.62485066
-0.77813632
-1.1239075
-0.67460852
0.27677039
-1.2068206
-0.042730676
-0.60654957
-0.64808076
0.93895434
-0.87761335
-0.52709433
-0.053508134
-0.15682958
-0.68433441
-0.7025702
-1.2974824
-2.1365401
-0.60136639
-1.062223
-0.1578972
-0.63264341
-0.96044597
-0.27398723
-1.7164989
-1.591994
-1.0454137
-0.66392345
-0.34231795
-1.0074206
-0.69257638
-1.6751117
-2.709208
-0.6119966
-0.52881884
-0.85635982
-0.43401555
1.0495181
0.62679415
1.47817
1.2475386
0.33625761
1.15329
1.0042919
1.0911008
0.48341661
-0.2147774
1.215155
-0.50196319
0.81095149
1.1002409
-0.21447124
-0.40300232
1.7594964
-0.066428067
0.28297172
0.93082148
0.92909648
0.51100732
1.9103497
1.611679
0.69331305
0.22281858
0.60056
1.7118125
0.68467349
1.6000042
1.2920805
1.1895901
-1.0109984
1.7376724
0.85473299
1.2066926
1.3600476
-0.046410476
0.71688776
0.70454965
-0.090273478
1.157792
0.50103166
0.791296
0.078814315
1.3643041
2.2347206
0.23208634
1.2530201
0.026504953
0.4109808
0.43053391
0.074450436
1.4790892
-0.046085039
0.24569194
0.25369959
0.69706038
1.0982776
0.56507605
-0.22840255
1.0776363
0.42868449
-0.48460078
-0.36383137
0.10298858
1.1174484
0.70131205
1.1970113
0.2231799
-0.3642203
0.36846678
0.23296673
0.51466292
0.59029891
1.3916081
0.70626549
0.76570847
0.68710985
0.86835481
0.79044734
0.92569539
0.52480094
0.85626094
0.2678843
1.1719276
0.26690829
-0.089969086
1.1367572
0.50499064
0.21420209
0.34823626
0.60467223
0.10903995
-0.13283188
1.7117067
0.81957505
1.5207679
0.79601321
0.78109694
